0.0e9           0.0008
0.5e9           0.0025
1.0e9           0.0040
1.5e9           0.0055
2.0e9           0.0065
2.5e9           0.0085
3.0e9           0.0095
3.5e9           0.0110
4.0e9           0.0120
4.5e9           0.0135
5.0e9           0.0145
5.5e9           0.0140
6.0e9           0.0130
6.5e9           0.0110
7.0e9           0.0090
7.5e9           0.0070
8.0e9           0.0040
8.5e9           0.0020
9.0e9           0.0010
9.5e9           0.0005
10.0e9          0.0002
10.5e9          0.0001
11.0e9          0.00005
11.5e9          0.00002
12.0e9          0.0
12.5e9          0.0
13.0e9          0.0
